3 0 300 300 . 500 300 160 100 300 100 0 1 
3 0 300 300 . 500 300 160 140 460 140 0 1
3 0 300 300 . 500 300 160 180 220 180 0 1
3 0 300 300 . 500 300 160 220 600 220 0 1
3 0 300 300 . 500 300 160 260 300 260 0 1
3 0 300 300 . 500 300 160 300 220 300 0 1
3 0 300 300 . 500 300 300 100 340 140 0 1
3 0 300 300 . 500 300 220 180 240 140 0 1
3 0 300 300 . 500 300 460 140 500 220 0 1
3 0 300 300 . 500 300 300 260 340 220 0 1
3 0 300 300 . 500 300 220 300 240 260 0 1
3 0 300 300 . 500 300 600 220 680 310 0 1
3 0 300 300 . 500 300 680 310 900 310 0 1
3 0 300 300 . 500 300 160 380 220 380 0 1
3 0 300 300 . 500 300 160 420 300 420 0 1
3 0 300 300 . 500 300 160 460 600 460 0 1
3 0 300 300 . 500 300 160 500 220 500 0 1
3 0 300 300 . 500 300 160 540 460 540 0 1
3 0 300 300 . 500 300 160 580 300 580 0 1
3 0 300 300 . 500 300 220 380 240 420 0 1
3 0 300 300 . 500 300 300 420 340 460 0 1
3 0 300 300 . 500 300 220 500 240 540 0 1
3 0 300 300 . 500 300 300 580 340 540 0 1
3 0 300 300 . 500 300 460 540 500 460 0 1
3 0 300 300 . 500 300 600 460 680 370 0 1
3 0 300 300 . 500 300 680 370 900 370 0 1
1 2 101 2002 YX 360 140 true 0 true 1
1 2 101 2002 YX 360 140 false 0 true 1
4 0 300 300 . 500 300 400 140 0 1
1 2 101 2002 YX 360 220 true 0 true 1
1 2 101 2002 YX 360 220 false 0 true 1
4 0 300 300 . 500 300 400 220 0 1
1 2 101 2002 YX 360 460 true 0 true 1
1 2 101 2002 YX 360 460 false 0 true 1
4 0 300 300 . 500 300 400 460 0 1
1 2 101 2002 YX 360 540 true 0 true 1
1 2 101 2002 YX 360 540 false 0 true 1
4 0 300 300 . 500 300 400 540 0 1
1 2 101 2002 YX 540 220 false 0 true 1
4 0 300 300 . 500 300 550 220 0 1
1 2 101 2002 YX 540 460 false 0 true 1
4 0 300 300 . 500 300 550 460 0 1
1 1 101 2002 YX 820 310 true 0 true 1
1 1 101 2002 YX 820 370 true 0 true 1
1 3 101 2002 YX 640 265 true 0 true 1
1 3 101 2002 YX 623 398 false 0 true 1
3 0 300 300 . 500 300 700 310 770 370 0 1
3 0 300 300 . 500 300 700 370 770 310 0 1
4 0 300 300 . 500 300 128 100 0 1
4 0 300 300 . 500 300 128 140 0 1
4 0 300 300 . 500 300 128 180 0 1
4 0 300 300 . 500 300 128 220 0 1
4 0 300 300 . 500 300 128 260 0 1
4 0 300 300 . 500 300 128 300 0 1
4 0 300 300 . 500 300 128 380 0 1
4 0 300 300 . 500 300 128 420 0 1
4 0 300 300 . 500 300 128 460 0 1
4 0 300 300 . 500 300 128 500 0 1
4 0 300 300 . 500 300 128 540 0 1
4 0 300 300 . 500 300 128 580 0 1
3 0 300 300 . 500 300 70 100 128 100 0 1
3 0 300 300 . 500 300 70 140 128 140 0 1
3 0 300 300 . 500 300 70 180 128 180 0 1
3 0 300 300 . 500 300 70 220 128 220 0 1
3 0 300 300 . 500 300 70 260 128 260 0 1
3 0 300 300 . 500 300 70 300 128 300 0 1
3 0 300 300 . 500 300 70 380 128 380 0 1
3 0 300 300 . 500 300 70 420 128 420 0 1
3 0 300 300 . 500 300 70 460 128 460 0 1
3 0 300 300 . 500 300 70 500 128 500 0 1
3 0 300 300 . 500 300 70 540 128 540 0 1
3 0 300 300 . 500 300 70 580 128 580 0 1
5 0 300 300 01道 35 90 0 1
5 0 300 300 02道 35 130 0 1
5 0 300 300 03道 35 170 0 1
5 0 300 300 04道 35 210 0 1
5 0 300 300 05道 35 250 0 1
5 0 300 300 06道 35 290 0 1
5 0 300 300 07道 35 370 0 1
5 0 300 300 08道 35 410 0 1
5 0 300 300 09道 35 450 0 1
5 0 300 300 10道 35 490 0 1
5 0 300 300 11道 35 530 0 1
5 0 300 300 12道 35 570 0 1
2 1 201 309 110 .,3 340 140 1 false 0 2
2 1 201 309 110 .,3 500 220 1 true 0 2
2 1 201 309 110 .,3 340 220 2 false 0 2